4925225819441512
4923761202301842
4921713412804009
4920138782212500
4918717807331325
4917571776415895
4916261735636039
4914342074253416
4912477689350218
4909592510988568
4907229721136195
4904666582745776
4902156290758152
4899554396733886
4897606792909619
4895196440167043
4893364358745159
4891616843664645
4889664421627323
4888385226017872
4887441879599960
4886394147439965
4885400324146493
4884596623937447
4883899317226156
4882872302834165
4881500183200621
4880660299516925
4879852051892387
4879119626272928
4878211018135684
4876606743511580
4875172760259770
4874132771311368
4873165265965938
4872370030643177
4871968605869178
4871616645562600
4871271580699431
4869903247739721
4868384766039974
4866576308247480
4864611243003761
4862852056221505
4925345201656523
4923830168192854
4921904534128564
4920219010601419
4918773922402829
4917582236751086
4916371949093374
4914398227336655
4925345201656523
4923850192066472
4921919369905529
4920238778621105
4918841806689077
4917631511167508
4916477851338301
4914511209564468
4912868304619960
4925345201656523
4923850192066472
4921919369905529
4920238778621105
4918841806689077
4917631511167508
4916477851338301
4914511209564468
4912868304619960
4909926675648928
4907472110228129
4904678586846467
4925345201656523
4923850192066472
4925345201656523
4923850192066472
4921919369905529
4920238778621105
4918841806689077
4925634469692194
4924074368961158
4921992833406146
4920294084969945
4918862862352603
4917919068720468
4916792729799431
4915046477988783
4913540676980569
4910521771363434
4908025862947594
4905413671390066
4902674514051209
4900186282002882
4898348425544377
4895885522373606
4893773031540150
4892125193569501
4890422210727677
4888904220542070
4887674248236004
4886760595391013
4885774347274683
4884729712870419
4884226946633320
